# Single SKU Max Power Table (unit is 1 dBm)                                                       
# 2.4G Channel CCK    OFDM        VHT20          VHT40          TxStreamCapability_Delta   TxSpatialStream_Delta                   
Band: 2.4G CCK_1M CCK_2M CCK_5.5M CCK_11M OFDM_6M OFDM_9M OFDM_12M OFDM_18M OFDM_24M OFDM_36M OFDM_48M OFDM_54M VHT20_MCS0 VHT20_MCS1 VHT20_MCS2 VHT20_MCS3 VHT20_MCS4 VHT20_MCS5 VHT20_MCS6 VHT20_MCS7 VHT20_MCS8 VHT20_MCS9 VHT40_MCS0 VHT40_MCS1 VHT40_MCS2 VHT40_MCS3 VHT40_MCS4 VHT40_MCS5 VHT40_MCS6 VHT40_MCS7 VHT40_MCS8 VHT40_MCS9 Txstream_3T Txstream_2T Txstream_1T Txstream_1SS Txstream_2SS Txstream_3SS Txstream_4SS                
Ch1 9  9  9  9  9  9 9 9 9  9  9  9 9 9 9 9  9  9  9 9 9 0 0 0 0 0 0 0                
Ch2 9  9  9  9  9  9 9 9 9  9  9  9 9 9 9 9  9  9  9 9 9 0 0 0 0 0 0 0                
Ch3 9  9  9  9  9  9 9 9 9  9  9  9 9 9 9 9  9  9  9 9 9 0 0 0 0 0 0 0                
Ch4 9  9  9  9  9  9 9 9 9  9  9  9 9 9 9 9  9  9  9 9 9 0 0 0 0 0 0 0                
Ch5 9  9  9  9  9  9 9 9 9  9  9  9 9 9 9 9  9  9  9 9 9 0 0 0 0 0 0 0                
Ch6 9  9  9  9  9  9 9 9 9  9  9  9 9 9 9 9  9  9  9 9 9 0 0 0 0 0 0 0                
Ch7 9  9  9  9  9  9 9 9 9  9  9  9 9 9 9 9  9  9  9 9 9 0 0 0 0 0 0 0                
Ch8 9  9  9  9  9  9 9 9 9  9  9  9 9 9 9 9  9  9  9 9 9 0 0 0 0 0 0 0                
Ch9 9  9  9  9  9  9 9 9 9  9  9  9 9 9 9 9  9  9  9 9 9 0 0 0 0 0 0 0                
Ch10 9  9  9  9  9  9 9 9 9  9  9  9 9 9 9 9  9  9  9 9 9 0 0 0 0 0 0 0                
Ch11 9  9  9  9  9  9 9 9 9  9  9  9 9 9 9 9  9  9  9 9 9 0 0 0 0 0 0 0                
Ch12 9  9  9  9  9  9 9 9 9  9  9  9 9 9 9 9  9  9  9 9 9 0 0 0 0 0 0 0                
Ch13 9  9  9  9  9  9 9 9 9  9  9  9 9 9 9 9  9  9  9 9 9 0 0 0 0 0 0 0                
Ch14                                 0 0 0 0 0 0 0                
                                                       
# 5G Channel OFDM        VHT20          VHT40          VHT80          VHT160          Txstream_Delta   TxSpatialStream_Delta   
Band: 5G OFDM_6M OFDM_9M OFDM_12M OFDM_18M OFDM_24M OFDM_36M OFDM_48M OFDM_54M VHT20_MCS0 VHT20_MCS1 VHT20_MCS2 VHT20_MCS3 VHT20_MCS4 VHT20_MCS5 VHT20_MCS6 VHT20_MCS7 VHT20_MCS8 VHT20_MCS9 VHT40_MCS0 VHT40_MCS1 VHT40_MCS2 VHT40_MCS3 VHT40_MCS4 VHT40_MCS5 VHT40_MCS6 VHT40_MCS7 VHT40_MCS8 VHT40_MCS9 VHT80_MCS0 VHT80_MCS1 VHT80_MCS2 VHT80_MCS3 VHT80_MCS4 VHT80_MCS5 VHT80_MCS6 VHT80_MCS7 VHT80_MCS8 VHT80_MCS9 VHT160_MCS0 VHT160_MCS1 VHT160_MCS2 VHT160_MCS3 VHT160_MCS4 VHT160_MCS5 VHT160_MCS6 VHT160_MCS7 VHT160_MCS8 VHT160_MCS9 Txstream_3T Txstream_2T Txstream_1T Txstream_1SS Txstream_2SS Txstream_3SS Txstream_4SS
Ch184 14  14  14  14 14 14 14  14  14  14 14 14 14 14  14  14  14 14 14 14 14  14  14  14 14 14 16 16  16  16  16 16 16 0 0 0 0 0 0 0
Ch188 14  14  14  14 14 14 14  14  14  14 14 14 14 14  14  14  14 14 14 14 14  14  14  14 14 14 16 16  16  16  16 16 16 0 0 0 0 0 0 0
Ch192 14  14  14  14 14 14 14  14  14  14 14 14 14 14  14  14  14 14 14 14 14  14  14  14 14 14 16 16  16  16  16 16 16 0 0 0 0 0 0 0
Ch196 14  14  14  14 14 14 14  14  14  14 14 14 14 14  14  14  14 14 14 14 14  14  14  14 14 14 16 16  16  16  16 16 16 0 0 0 0 0 0 0
Ch8 14  14  14  14 14 14 14  14  14  14 14 14 14 14  14  14  14 14 14 14 14  14  14  14 14 14 16 16  16  16  16 16 16 0 0 0 0 0 0 0
Ch12 14  14  14  14 14 14 14  14  14  14 14 14 14 14  14  14  14 14 14 14 14  14  14  14 14 14 16 16  16  16  16 16 16 0 0 0 0 0 0 0
Ch16 14  14  14  14 14 14 14  14  14  14 14 14 14 14  14  14  14 14 14 14 14  14  14  14 14 14 16 16  16  16  16 16 16 0 0 0 0 0 0 0
Ch36 13  13  13  13 13 13 13  13  13  13 13 13 13 13  13  13  13 13 13 13 13  13  13  13 13 13 16 16  16  16  16 16 16 0 0 0 0 0 0 0
Ch38 13  13  13  13 13 13 13  13  13  13 13 13 13 13  13  13  13 13 13 13 13  13  13  13 13 13 16 16  16  16  16 16 16 0 0 0 0 0 0 0
Ch40 13  13  13  13 13 13 13  13  13  13 13 13 13 13  13  13  13 13 13 13 13  13  13  13 13 13 16 16  16  16  16 16 16 0 0 0 0 0 0 0
Ch42 13  13  13  13 13 13 13  13  13  13 13 13 13 13  13  13  13 13 13 13 13  13  13  13 13 13 16 16  16  16  16 16 16 0 0 0 0 0 0 0
Ch44 13  13  13  13 13 13 13  13  13  13 13 13 13 13  13  13  13 13 13 13 13  13  13  13 13 13 16 16  16  16  16 16 16 0 0 0 0 0 0 0
Ch48 13  13  13  13 13 13 13  13  13  13 13 13 13 13  13  13  13 13 13 13 13  13  13  13 13 13 16 16  16  16  16 16 16 0 0 0 0 0 0 0
Ch52 13  13  13  13 13 13 13  13  13  13 13 13 13 13  13  13  13 13 13 13 13  13  13  13 13 13 16 16  16  16  16 16 16 0 0 0 0 0 0 0
Ch56 13  13  13  13 13 13 13  13  13  13 13 13 13 13  13  13  13 13 13 13 13  13  13  13 13 13 16 16  16  16  16 16 16 0 0 0 0 0 0 0
Ch60 13  13  13  13 13 13 13  13  13  13 13 13 13 13  13  13  13 13 13 13 13  13  13  13 13 13 16 16  16  16  16 16 16 0 0 0 0 0 0 0
Ch64 13  13  13  13 13 13 13  13  13  13 13 13 13 13  13  13  13 13 13 13 13  13  13  13 13 13 16 16  16  16  16 16 16 0 0 0 0 0 0 0
Ch68 13  13  13  13 13 13 13  13  13  13 13 13 13 13  13  13  13 13 13 13 13  13  13  13 13 13 16 16  16  16  16 16 16 0 0 0 0 0 0 0
Ch72 13  13  13  13 13 13 13  13  13  13 13 13 13 13  13  13  13 13 13 13 13  13  13  13 13 13 16 16  16  16  16 16 16 0 0 0 0 0 0 0
Ch76 13  13  13  13 13 13 13  13  13  13 13 13 13 13  13  13  13 13 13 13 13  13  13  13 13 13 16 16  16  16  16 16 16 0 0 0 0 0 0 0
Ch80 13  13  13  13 13 13 13  13  13  13 13 13 13 13  13  13  13 13 13 13 13  13  13  13 13 13 16 16  16  16  16 16 16 0 0 0 0 0 0 0
Ch84 13  13  13  13 13 13 13  13  13  13 13 13 13 13  13  13  13 13 13 13 13  13  13  13 13 13 16 16  16  16  16 16 16 0 0 0 0 0 0 0
Ch88 13  13  13  13 13 13 13  13  13  13 13 13 13 13  13  13  13 13 13 13 13  13  13  13 13 13 16 16  16  16  16 16 16 0 0 0 0 0 0 0
Ch92 13  13  13  13 13 13 13  13  13  13 13 13 13 13  13  13  13 13 13 13 13  13  13  13 13 13 16 16  16  16  16 16 16 0 0 0 0 0 0 0
Ch96 13  13  13  13 13 13 13  13  13  13 13 13 13 13  13  13  13 13 13 13 13  13  13  13 13 13 16 16  16  16  16 16 16 0 0 0 0 0 0 0
Ch100 20  20  20  20 20 20 20  20  20  20 20 20 20 20  20  20  20 20 20 20 20  20  20  20 20 20 23 23  23  23  23 23 23 0 0 0 0 0 0 0
Ch104 20  20  20  20 20 20 20  20  20  20 20 20 20 20  20  20  20 20 20 20 20  20  20  20 20 20 23 23  23  23  23 23 23 0 0 0 0 0 0 0
Ch108 20  20  20  20 20 20 20  20  20  20 20 20 20 20  20  20  20 20 20 20 20  20  20  20 20 20 23 23  23  23  23 23 23 0 0 0 0 0 0 0
Ch112 20  20  20  20 20 20 20  20  20  20 20 20 20 20  20  20  20 20 20 20 20  20  20  20 20 20 23 23  23  23  23 23 23 0 0 0 0 0 0 0
Ch116 20  20  20  20 20 20 20  20  20  20 20 20 20 20  20  20  20 20 20 20 20  20  20  20 20 20 23 23  23  23  23 23 23 0 0 0 0 0 0 0
Ch120 20  20  20  20 20 20 20  20  20  20 20 20 20 20  20  20  20 20 20 20 20  20  20  20 20 20 23 23  23  23  23 23 23 0 0 0 0 0 0 0
Ch124 20  20  20  20 20 20 20  20  20  20 20 20 20 20  20  20  20 20 20 20 20  20  20  20 20 20 23 23  23  23  23 23 23 0 0 0 0 0 0 0
Ch128 20  20  20  20 20 20 20  20  20  20 20 20 20 20  20  20  20 20 20 20 20  20  20  20 20 20 23 23  23  23  23 23 23 0 0 0 0 0 0 0
Ch132 20  20  20  20 20 20 20  20  20  20 20 20 20 20  20  20  20 20 20 20 20  20  20  20 20 20 23 23  23  23  23 23 23 0 0 0 0 0 0 0
Ch136 20  20  20  20 20 20 20  20  20  20 20 20 20 20  20  20  20 20 20 20 20  20  20  20 20 20 23 23  23  23  23 23 23 0 0 0 0 0 0 0
Ch140 20  20  20  20 20 20 20  20  20  20 20 20 20 20  20  20  20 20 20 20 20  20  20  20 20 20 23 23  23  23  23 23 23 0 0 0 0 0 0 0
Ch144 20  20  20  20 20 20 20  20  20  20 20 20 20 20  20  20  20 20 20 20 20  20  20  20 20 20 23 23  23  23  23 23 23 0 0 0 0 0 0 0
Ch149 20  20  20  20 20 20 20  20  20  20 20 20 20 20  20  20  20 20 20 20 20  20  20  20 20 20 23 23  23  23  23 23 23 0 0 0 0 0 0 0
Ch153 20  20  20  20 20 20 20  20  20  20 20 20 20 20  20  20  20 20 20 20 20  20  20  20 20 20 23 23  23  23  23 23 23 0 0 0 0 0 0 0
Ch155 20  20  20  20 20 20 20  20  20  20 20 20 20 20  20  20  20 20 20 20 20  20  20  20 20 20 23 23  23  23  23 23 23 0 0 0 0 0 0 0
Ch157 20  20  20  20 20 20 20  20  20  20 20 20 20 20  20  20  20 20 20 20 20  20  20  20 20 20 23 23  23  23  23 23 23 0 0 0 0 0 0 0
Ch159 20  20  20  20 20 20 20  20  20  20 20 20 20 20  20  20  20 20 20 20 20  20  20  20 20 20 23 23  23  23  23 23 23 0 0 0 0 0 0 0
Ch161 20  20  20  20 20 20 20  20  20  20 20 20 20 20  20  20  20 20 20 20 20  20  20  20 20 20 23 23  23  23  23 23 23 0 0 0 0 0 0 0
Ch165 20  20  20  20 20 20 20  20  20  20 20 20 20 20  20  20  20 20 20 20 20  20  20  20 20 20 23 23  23  23  23 23 23       
Ch169                                                       
Ch173                                                       
Ch177                                                       
Ch181                                                       
